111 1000
113 1000
114 1000
116 1000
117 1000
118 1000
131 1000
133 1000
134 1000
136 1000
137 1000
138 1000
141 1000
143 1000
144 1000
146 1000
147 1000
148 1000
161 1000
163 1000
164 1000
166 1000
167 1000
168 1000
171 1000
173 1000
174 1000
176 1000
177 1000
178 1000
181 1000
183 1000
184 1000
186 1000
187 1000
188 1000
311 1000
313 1000
314 1000
316 1000
317 1000
318 1000
331 1000
333 1000
334 1000
336 1000
337 1000
338 1000
341 1000
343 1000
344 1000
346 1000
347 1000
348 1000
361 1000
363 1000
364 1000
366 1000
367 1000
368 1000
371 1000
373 1000
374 1000
376 1000
377 1000
378 1000
381 1000
383 1000
384 1000
386 1000
387 1000
388 1000
411 1000
413 1000
414 1000
416 1000
417 1000
418 1000
431 1000
433 1000
434 1000
436 1000
437 1000
438 1000
441 1000
443 1000
444 1000
446 1000
447 1000
448 1000
461 1000
463 1000
464 1000
466 1000
467 1000
468 1000
471 1000
473 1000
474 1000
476 1000
477 1000
478 1000
481 1000
483 1000
484 1000
486 1000
487 1000
488 1000
611 1000
613 1000
614 1000
616 1000
617 1000
618 1000
631 1000
633 1000
634 1000
636 1000
637 1000
638 1000
641 1000
643 1000
644 1000
646 1000
647 1000
648 1000
661 1000
663 1000
664 1000
666 1000
667 1000
668 1000
671 1000
673 1000
674 1000
676 1000
677 1000
678 1000
681 1000
683 1000
684 1000
686 1000
687 1000
688 1000
711 1000
713 1000
714 1000
716 1000
717 1000
718 1000
731 1000
733 1000
734 1000
736 1000
737 1000
738 1000
741 1000
743 1000
744 1000
746 1000
747 1000
748 1000
761 1000
763 1000
764 1000
766 1000
767 1000
768 1000
771 1000
773 1000
774 1000
776 1000
777 1000
778 1000
781 1000
783 1000
784 1000
786 1000
787 1000
788 1000
811 1000
813 1000
814 1000
816 1000
817 1000
818 1000
831 1000
833 1000
834 1000
836 1000
837 1000
838 1000
841 1000
843 1000
844 1000
846 1000
847 1000
848 1000
861 1000
863 1000
864 1000
866 1000
867 1000
868 1000
871 1000
873 1000
874 1000
876 1000
877 1000
878 1000
881 1000
883 1000
884 1000
886 1000
887 1000
888 1000
